28,52
28,51
28,50
28,49
28,48
28,47
28,46
28,45
28,44
28,43
28,42
28,41
28,40
28,39
28,38
28,37
28,36
28,35
3,2
3,1
3,3
10,89
10,287
10,289
10,226
10,171
10,135
10,173
12,2
12,1
12,3
20,2
20,1
20,3
19,2
19,1
19,3
27,6
27,5
27,4
27,3
27,2
27,1
27,0
25,3
25,2
25,1
18,1
25,0
24,3
18,3
24,2
24,1
24,0
11,30
11,29
11,28
14,1
11,27
14,3
11,26
11,25
13,1
11,24
11,23
13,3
11,22
11,21
11,20
11,19
11,18
11,17
11,16
11,15
11,14
11,13
11,12
11,11
11,10
11,9
11,8
11,7
11,6
11,5
11,4
11,3
11,2
11,1
11,0
10,35
10,34
10,31
10,30
10,29
10,28
10,27
10,26
10,25
10,24
